,indice_tiempo,ventas_precios_corrientes,ventas_precios_constantes,ventas_totales_canal_venta,salon_ventas,canales_on_line,ventas_totales_medio_pago,efectivo,tarjetas_credito,ventas_totales_grupo_articulos,subtotal_ventas_alimentos_bebidas,almacen,articulos_limpieza_perfumeria,indumentaria_calzado_textiles_hogar,electronicos_articulos_hogar,otros
0,01/01/2017,27858.9,27477.3,27858872.08,27591730.13,267141.956,27858872.08,10230100.13,9047205.493,27858872.08,18043789.16,6705475.318,4397543.671,772371.8476,1838507.096,2806660.309
1,01/02/2017,25994.2,25223.4,25994200.17,25749179.4,245020.769,25994200.17,9719067.341,8309150.301,25994200.17,17656879.08,6576624.803,4053283.771,672290.5165,1257661.903,2354084.901
2,01/03/2017,27780.0,26334.3,27780006.52,27472228.72,307777.804,27780006.52,10244442.51,8845010.494,27780006.52,19186248.05,7437264.174,4354197.611,667696.6653,1305674.917,2266189.277
3,01/04/2017,29134.3,27045.9,29134272.22,28827479.49,306792.733,29134272.22,10312632.37,9458166.682,29134272.22,20257135.1,8211244.093,4355706.646,838948.2458,1535726.345,2146755.887
4,01/05/2017,27969.0,25631.9,27969004.68,27569311.41,399693.262,27969004.68,10147613.34,9220929.862,27969004.68,18904574.4,7651058.084,4206101.605,915895.1498,1824462.036,2117971.483
5,01/06/2017,29132.7,26365.4,29132712.74,28763865.42,368847.326,29132712.74,10565493.5,9196110.463,29132712.74,19601615.8,7911936.245,4277889.539,1001572.002,1893542.062,2358093.345
6,01/07/2017,31182.3,27819.4,31182302.46,30815311.77,366990.683,31182302.46,10905912.74,10162899.88,31182302.46,20882660.95,8482567.662,4599798.334,1026743.496,1995091.144,2678008.532
7,01/08/2017,31154.9,27394.1,31154880.94,30763355.89,391525.052,31154880.94,11041625.27,26367781.2,31154880.94,20666687.82,8275620.18,4585003.764,786415.484,1882133.804,3234640.071
8,01/09/2017,30521.5,26404.3,30521506.2,30135595.7,385910.498,30521506.2,10789170.33,9795878.643,30521506.2,21025932.94,8319868.332,4708171.561,740572.717,1673423.55,5776003.5
9,01/10/2017,32446.0,27766.7,32445983.01,31980223.91,465759.1013,32445983.01,11220307.43,11447457.18,32445983.01,21743902.23,17125415.4,4889144.438,870481.0825,2404158.327,2538296.932
10,01/11/2017,33629.0,28425.3,33628982.66,33122387.95,506594.7055,33628982.66,11657995.8,12553464.11,33628982.66,21967173.4,8282231.901,4988358.592,864815.7013,2729390.081,3079244.883
11,01/12/2017,40766.3,34084.5,40766322.1,40320285.28,446036.8247,40766322.1,13710305.37,14576008.24,40766322.1,26888567.26,9667850.147,5239243.108,1278355.018,2857322.674,4502834.048
12,01/01/2018,32479.2,26736.7,3208.00557,32103107.86,376100.1496,32479208.01,11705433.57,11256746.65,32479208.01,21415403.1,7836896.414,4989430.335,931581.0564,1999948.566,3142844.95
13,01/02/2018,31736.8,25650.7,31736824.55,75836086.4,379379.7186,31736824.55,10720300.95,11364650.34,31736824.55,21328882.9,7699395.381,4725277.135,905082.794,1781739.856,2995841.865
14,01/03/2018,36531.3,28846.7,36531291.33,75836086.4,475878.274,36531291.33,12955730.46,13175374.63,36531291.33,55297622.9,9795952.073,5341668.285,964070.681,2049351.786,5776003.5
15,01/04/2018,34113.7,26429.5,34113745.67,75836086.4,491474.6886,34113745.67,11685359.59,12193290.58,34113745.67,55297622.9,8945426.331,5038590.881,953653.699,2169127.423,2625030.728
16,01/05/2018,35133.1,26430.5,35133146.39,75836086.4,725754.7977,35133146.39,11925300.09,13241497.64,35133146.39,55297622.9,9171763.803,4862993.325,1148685.733,3356541.379,2698300.463
17,01/06/2018,38338.2,27465.9,38338209.75,75836086.4,593413.6363,38338209.75,13517215.49,13623892.63,38338209.75,55297622.9,10197523.39,5109867.418,1426312.6,3509590.741,2874416.495
18,01/07/2018,39278.4,27033.4,39278449.96,75836086.4,581799.0562,39278449.96,14061294.34,13151343.17,39278449.96,55297622.9,10941910.28,5496160.818,1357253.236,2294925.164,3340891.026
19,01/08/2018,39491.9,26267.3,39491907.27,38852702.48,639204.7898,39491907.27,13783068.02,13997246.39,39491907.27,55297622.9,10804194.91,5542025.026,964553.3924,2037255.936,3951234.3
20,01/09/2018,39925.5,24310.8,39925549.0,39313002.17,612546.8226,39925549.0,14307986.24,14097447.21,39925549.0,55297622.9,11194772.66,6102652.804,853166.795,1853671.983,2924735.55
21,01/10/2018,43420.3,25010.5,43420253.82,42646486.71,773767.1168,43420253.82,15413337.43,26367781.2,43420253.82,55297622.9,11730986.06,6486922.171,1010425.313,2543612.937,3313478.76
22,01/11/2018,44849.4,24891.7,44849446.01,44076960.79,772485.2141,44849446.01,15412653.11,26367781.2,44849446.01,55297622.9,11863636.2,6809307.631,1023726.661,2437736.317,3606806.562
23,01/12/2018,57204.0,31136.1,57203955.86,56452356.42,751599.4412,57203955.86,19372979.31,26367781.2,57203955.86,38897886.83,14277710.69,7737390.299,1732097.963,2850608.7,5985972.076
24,01/01/2019,45433.6,23888.7,45433623.71,44740575.24,693048.4704,45433623.71,16005633.83,26367781.2,45433623.71,30532173.73,11509132.28,7273538.279,1296604.248,2193855.693,4137451.761
25,01/02/2019,44592.1,22542.0,44592144.9,43914187.06,677957.8398,44592144.9,15466783.51,26367781.2,44592144.9,30680257.79,11400304.63,6902733.489,1078456.143,2065592.427,3865105.05
26,01/03/2019,51065.7,24647.7,51065694.25,50347782.68,717911.5715,51065694.25,17737278.5,17969551.88,51065694.25,35639253.95,13664374.99,7753557.687,1250658.574,2294642.27,4127581.777
27,01/04/2019,49621.4,23073.8,49621409.28,48939565.17,681844.104,49621409.28,17102015.74,17736333.21,49621409.28,35631833.0,14448162.66,7347464.877,1179040.514,2005702.657,3457368.228
28,01/05/2019,50778.3,22852.1,50778299.91,49813853.04,964446.8743,50778299.91,17247751.27,18013021.92,50778299.91,35586722.0,14391198.42,7602583.365,1504788.008,2486484.832,3597721.708
29,01/06/2019,54413.4,23803.4,54413419.61,53591716.25,821703.3617,54413419.61,17995550.11,19225537.23,54413419.61,37819361.45,15319207.31,8048845.873,1826746.711,2810683.083,3907782.501
30,01/07/2019,55044.5,23580.1,55044482.26,54121341.62,923140.633,55044482.26,18548992.46,19194608.05,55044482.26,38131665.01,15602920.27,7868920.347,1715793.102,3030760.221,4297343.576
31,01/08/2019,59672.1,24329.9,59672104.46,58647926.48,1024177.978,59672104.46,19745340.25,21781404.02,59672104.46,41692727.53,17125415.37,8632826.213,1208097.676,3073567.951,5064885.08
32,01/09/2019,57885.3,22144.7,57885306.41,56887830.18,997476.2268,57885306.41,19561438.28,20612694.85,57885306.41,41090401.96,16428217.44,8902170.018,1202878.618,2719800.957,3970054.858
33,01/10/2019,66325.6,24652.7,66325579.59,65144928.12,1180651.478,66325579.59,21884744.73,24432918.57,66325579.59,45492474.3,17942183.89,10075045.16,1410451.356,4712825.328,4634783.45
34,01/11/2019,67943.7,24270.7,67943710.19,66454203.74,1489506.445,67943710.19,22763201.55,26455726.0,67943710.19,46073845.36,17296630.39,10247962.26,1572523.614,4829969.163,5219409.783
35,01/12/2019,83524.6,29147.9,83524644.29,82246180.68,1278463.614,83524644.29,27960470.5,31600065.93,83524644.29,57646427.96,20776781.42,11316019.27,2197595.469,4638017.913,7726583.681
36,01/01/2020,70145.0,23483.3,70145010.27,69104127.61,1040882.661,70145010.27,25121140.42,26279836.48,70145010.27,47496667.89,17489114.38,11066696.53,1775180.164,3768285.224,6038180.459
37,01/02/2020,72494.4,23702.0,72494433.66,71514175.15,980258.5147,72494433.66,23982883.64,27241035.99,72494433.66,50272765.35,18718680.52,10866053.98,1867271.736,3407081.45,6081261.137
38,01/03/2020,85778.0,26996.7,85778031.09,84174875.51,1603155.575,85778031.09,26532575.53,33716809.2,85778031.09,61417479.25,26179704.49,14387138.38,1048525.307,3460494.399,5464393.749
39,01/04/2020,75009.6,23142.7,75009596.64,71798954.71,3210641.929,75009596.64,22263621.15,28559526.14,75009596.64,54905216.88,23511297.23,10786534.83,1071185.004,3758966.101,4487693.823
40,01/05/2020,78594.5,24012.7,78594521.82,74966605.03,3627916.795,78594521.82,24917663.39,29750672.2,78594521.82,54285024.12,22865786.67,11160547.92,2199429.092,5705563.465,5243957.218
41,01/06/2020,78232.9,23449.5,78232859.6,74554853.96,3678005.643,78232859.6,24031410.14,29332592.01,78232859.6,53685318.33,22614018.9,10828484.99,2556936.805,5726204.196,5435915.285
42,01/07/2020,211140.7,50791.4,81140696.22,76413721.76,4726974.457,81140696.22,24935747.29,29569224.4,81140696.22,55359666.66,23393038.41,11217153.19,2502616.619,6125265.839,5935993.913
43,01/08/2020,80412.0,22953.0,80411973.29,76406528.27,4005445.016,80411973.29,24868416.65,29644413.81,80411973.29,55526501.8,17125415.4,11365760.89,1651664.578,5086198.952,6781847.072
44,01/09/2020,77055.8,21628.0,77055774.36,73111415.16,3944359.195,77055774.36,24268469.26,27583639.7,77055774.36,53998395.66,22018485.45,11089691.92,1599708.873,4776635.482,5591342.428
45,01/10/2020,89224.3,24105.8,89224281.05,84622602.75,4601678.305,89224281.05,27348110.5,33253696.39,89224281.05,55297622.9,23772929.58,12442138.22,1961731.833,3215054.7,6525379.813
46,01/11/2020,200.5,24010.7,91093507.31,86255330.61,4838176.706,91093507.31,28832513.45,33470452.08,91093507.31,60913255.91,23577259.62,12606465.75,2071758.234,7962443.79,7539583.62
47,01/12/2020,115806.1,29931.1,115806128.1,111830218.6,3975909.551,115806128.1,36284788.05,41558670.65,115806128.1,80643208.3,29052388.41,14197119.0,3022975.198,7711912.075,10230913.54
48,01/01/2021,98007.6,24420.0,98007583.25,94524545.27,3483037.987,98007583.25,31878415.61,34421611.73,98007583.25,67171235.97,24393220.47,14237729.54,2206737.464,3215054.7,5776003.5
49,01/02/2021,92954.2,22322.6,92954233.68,89908053.02,3046180.666,92954233.68,30090418.94,32111865.51,92954233.68,65274742.25,23633068.01,13331244.03,1985959.508,5106560.634,7255727.266
50,01/03/2021,107225.9,24627.6,107225884.5,103243215.3,3982669.194,107225884.5,33646699.76,39721336.18,107225884.5,75459017.55,29069610.33,14963310.66,1426312.6,6918341.604,7679985.788
51,01/04/2021,106870.2,23407.5,106870185.9,102742178.6,4128007.244,106870185.9,33030717.34,39528435.06,106870185.9,76493949.46,29827096.11,14912712.28,2217601.199,6042114.412,7203808.534
52,01/05/2021,110604.7,23368.4,110604694.6,104997658.2,5607036.33,110604694.6,33391018.41,41132600.51,110604694.6,78026097.55,31328427.63,14517188.31,2686103.389,7849584.393,7525720.927
53,01/06/2021,116287.9,23678.0,116287893.0,111477594.5,4810298.41,116287893.0,34735136.74,42074159.72,116287893.0,80623853.66,32622021.61,14484893.56,3640081.868,9514178.631,8024885.233
54,01/07/2021,125658.6,24779.5,125658552.5,120904098.3,4754454.215,125658552.5,37973547.56,43727330.44,125658552.5,87238128.85,34683058.37,15724007.71,4051857.507,9222787.62,9421770.845
55,01/08/2021,124840.3,23990.1,124840320.0,120181530.9,4658789.02,124840320.0,38180625.56,44242610.35,124840320.0,87044720.92,34500426.75,15920169.14,2944642.775,8443256.2,10487530.93
56,01/09/2021,123002.3,22962.0,123002252.4,118585472.2,4416780.259,123002252.4,38080750.86,43445911.38,123002252.4,87296730.51,34298836.96,16336755.11,2805934.305,7977185.494,8585647.018
57,01/10/2021,140487.5,25386.7,140487487.3,136000643.3,4486843.92,140487487.3,43323345.69,50159841.63,140487487.3,97615705.17,37081602.26,18501724.82,3328328.421,10919887.99,10121840.86
58,01/11/2021,141702.0,25026.6,141701960.7,135950778.8,5751181.809,141701960.7,43762928.15,50752243.39,141701960.7,95609863.77,36354580.02,18664160.82,3209173.083,12754368.89,11464394.1
59,01/12/2021,183983.2,31595.7,183983151.9,178866721.2,5116430.634,183983151.9,56640033.15,62999676.15,183983151.9,128135286.6,45199914.72,21753939.73,4759532.634,12669269.76,16665123.15
60,01/01/2022,154517.1,45463.4,154517094.2,149697614.6,4819479.554,154517094.2,46962602.22,54048333.12,154517094.2,103783610.3,37505172.62,21330213.29,3782646.219,12187552.35,13433071.98
61,01/02/2022,152202.6,23802.1,152202573.4,148406529.3,3796044.076,152202573.4,46290956.21,53705893.17,152202573.4,105530494.0,38209790.62,20305446.86,1426312.6,9189746.139,13301387.17
62,01/03/2022,16.5,24612.4,168982502.3,164321107.3,466134.9981,168982502.3,51262080.99,26367781.2,168982502.3,118823011.7,45418860.16,22942013.09,3912852.426,10898787.99,5776003.5
